-0.8359248 -0.839302 -0.8353648 -0.8473631 -0.8382474 -0.8410637 -0.8372325 -0.8469412 -0.8348079 -0.8302021 -0.8501654 -0.8413576 -0.8412891 -0.8446681 -0.8418164 -0.8560088 -0.8420059 -0.8341391 -0.8388189 -0.8425699 -0.835638 -0.8443061 -0.8348956 -0.8353878 -0.8356413 -0.8388637 -0.845245 -0.8340509 -0.8436118 -0.8407878 -0.844078 -0.8448495 -0.8422892 -0.8498744 -0.8377869 -0.8358158 -0.8370611 -0.8359977 -0.8418141 -0.8454917 -0.8421902 -0.8521638 -0.8386297 -0.8442219 -0.8383557 -0.8504816 -0.8356387 -0.8479387 -0.8452435 -0.8493315
-0.8217201 -0.8208722 -0.8289832 -0.8345662 -0.8273181 -0.8347921 -0.8224418 -0.8268815 -0.812319 -0.8138935 -0.8184516 -0.8274253 -0.8260843 -0.8188101 -0.8228135 -0.8263037 -0.8249349 -0.821329 -0.8214263 -0.8271995 -0.8298677 -0.8319843 -0.8349647 -0.8393659 -0.8378483 -0.8188843 -0.8336606 -0.8246862 -0.8377594 -0.8264431 -0.8338531 -0.817725 -0.8149928 -0.8240362 -0.8243936 -0.8330552 -0.8186455 -0.8350154 -0.8385918 -0.832488 -0.8221906 -0.8315747 -0.8217484 -0.8255334 -0.8336718 -0.8231054 -0.8433796 -0.8293988 -0.8337211 -0.8162894
-0.8193124 -0.7990325 -0.814985 -0.8098234 -0.8155007 -0.8201611 -0.8125403 -0.8237952 -0.8154305 -0.8100126 -0.8255015 -0.8144683 -0.820984 -0.8243655 -0.7934592 -0.8235965 -0.800763 -0.8128067 -0.8078615 -0.804903 -0.8072154 -0.8062544 -0.8099604 -0.8047103 -0.8161769 -0.8115288 -0.8115766 -0.813274 -0.7990516 -0.7943454 -0.8183588 -0.8094424 -0.8103326 -0.7994635 -0.8078283 -0.8088999 -0.8204475 -0.8029821 -0.8084941 -0.8061251 -0.8107159 -0.8009991 -0.8111267 -0.8034582 -0.8137294 -0.8135652 -0.806758 -0.8056052 -0.8166792 -0.8142886
-0.7926572 -0.8056919 -0.7960642 -0.78869 -0.7904588 -0.7758689 -0.8088942 -0.7983378 -0.7907539 -0.7945658 -0.7925669 -0.804562 -0.7819338 -0.7759158 -0.8043643 -0.8006597 -0.807958 -0.7915604 -0.7893393 -0.793 -0.7898751 -0.7982505 -0.7895049 -0.7971196 -0.7867128 -0.7823523 -0.7875388 -0.7917906 -0.791439 -0.7994071 -0.7818319 -0.8037979 -0.7942722 -0.7982365 -0.7844385 -0.7923696 -0.802 -0.785391 -0.7977721 -0.8033257 -0.7992499 -0.7951278 -0.7989493 -0.7975568 -0.7967074 -0.7993025 -0.7945714 -0.7858482 -0.7938029 -0.8031728
-0.7654779 -0.7584285 -0.761335 -0.774616 -0.7800253 -0.7728858 -0.7557277 -0.7601746 -0.7518008 -0.7614496 -0.7612185 -0.7634014 -0.7807628 -0.7604435 -0.7661972 -0.7800008 -0.7600664 -0.7776948 -0.7796885 -0.7741481 -0.7592618 -0.7645335 -0.7531598 -0.7829307 -0.7719186 -0.783551 -0.7846257 -0.7578669 -0.7699193 -0.759575 -0.7508772 -0.7675574 -0.7895807 -0.772848 -0.7806381 -0.7684657 -0.7810031 -0.766378 -0.7636138 -0.7730599 -0.7737915 -0.7678252 -0.7700624 -0.7652781 -0.7861713 -0.7660999 -0.7650082 -0.7594222 -0.7830961 -0.779761
-0.7420659 -0.7380681 -0.7447559 -0.7379136 -0.7504323 -0.7457113 -0.7579583 -0.7357554 -0.7536733 -0.7639661 -0.7375996 -0.7542805 -0.7562602 -0.7315948 -0.756221 -0.7395346 -0.7460509 -0.7571222 -0.746149 -0.7238536 -0.7468606 -0.7383602 -0.7359296 -0.7173013 -0.7644606 -0.754213 -0.7434686 -0.7494364 -0.7533196 -0.7554167 -0.7483805 -0.7219819 -0.7460301 -0.7616807 -0.7215218 -0.7492048 -0.7305408 -0.725319 -0.7500791 -0.7527513 -0.7440149 -0.7568406 -0.7570133 -0.7324763 -0.7392984 -0.7612333 -0.7494835 -0.7473174 -0.739135 -0.7485195
-0.7210432 -0.7280271 -0.7206139 -0.7136265 -0.7034687 -0.7199263 -0.7057708 -0.7202822 -0.7180485 -0.7281144 -0.7305369 -0.715363 -0.7209856 -0.7215863 -0.7181962 -0.7377074 -0.7245553 -0.7282539 -0.7081872 -0.7083393 -0.7118145 -0.7134833 -0.7359285 -0.7367132 -0.7043406 -0.7276425 -0.7000254 -0.7108902 -0.7209217 -0.7169736 -0.7296489 -0.7190877 -0.7337688 -0.729802 -0.7198638 -0.7034965 -0.7204418 -0.7287295 -0.710285 -0.71959 -0.7202917 -0.7085984 -0.7197763 -0.6989022 -0.7024336 -0.7202876 -0.6971626 -0.7292832 -0.7241857 -0.7239154
-0.6942878 -0.6902395 -0.6843157 -0.6755746 -0.7008154 -0.7042044 -0.6843617 -0.6818312 -0.6995762 -0.6708909 -0.6771155 -0.6846028 -0.6655194 -0.7092957 -0.6962614 -0.6801163 -0.6831463 -0.6590448 -0.7037203 -0.6766702 -0.6756902 -0.6918375 -0.7136096 -0.6881062 -0.6750153 -0.7021826 -0.6816682 -0.7010253 -0.6791889 -0.6807673 -0.7034245 -0.7037278 -0.705111 -0.6907611 -0.6909237 -0.6953349 -0.7083203 -0.689021 -0.686907 -0.6749285 -0.7086634 -0.6901055 -0.7080794 -0.6817752 -0.6866062 -0.6805459 -0.6829265 -0.6894642 -0.6779373 -0.6715657
-0.6639199 -0.6255698 -0.6535221 -0.644789 -0.6532083 -0.6555887 -0.6403977 -0.6691437 -0.6415378 -0.6672663 -0.6556835 -0.653454 -0.6672899 -0.6406517 -0.6572872 -0.663745 -0.6572465 -0.6550474 -0.6607366 -0.6620446 -0.659271 -0.6440645 -0.6703207 -0.6416324 -0.6172897 -0.6600019 -0.6488818 -0.6581263 -0.6603891 -0.6699153 -0.6568691 -0.6350709 -0.6562997 -0.6588912 -0.6639545 -0.666786 -0.6699149 -0.6607557 -0.665529 -0.6438483 -0.6574676 -0.6689919 -0.6623992 -0.6527052 -0.6566173 -0.6583593 -0.6511769 -0.6379558 -0.6594442 -0.6820258
-0.6353288 -0.6180889 -0.5917015 -0.6409623 -0.6436344 -0.6211988 -0.6017658 -0.629215 -0.6548945 -0.6174696 -0.6193803 -0.5831997 -0.6025688 -0.6526133 -0.6122204 -0.6147737 -0.6193017 -0.6217721 -0.6114481 -0.6204487 -0.6057826 -0.5918013 -0.6109339 -0.6209552 -0.6334224 -0.6218052 -0.6432323 -0.6004147 -0.6461957 -0.6481719 -0.6356549 -0.6305639 -0.6278123 -0.6012581 -0.6325849 -0.6474889 -0.6303377 -0.6260498 -0.6504053 -0.6334962 -0.6134277 -0.6084916 -0.6377055 -0.6425538 -0.6445947 -0.6719266 -0.6212142 -0.6300969 -0.6287202 -0.6337305
-0.578904 -0.591354 -0.607836 -0.572002 -0.5519114 -0.5973078 -0.6042591 -0.5817845 -0.5862687 -0.6041557 -0.6071142 -0.5781521 -0.5959116 -0.5928089 -0.5922848 -0.5715598 -0.5706555 -0.613983 -0.6031779 -0.5540432 -0.5761071 -0.5415339 -0.5779906 -0.6047144 -0.5863654 -0.5914777 -0.5654382 -0.6044468 -0.5816707 -0.5863834 -0.6073759 -0.6012059 -0.5742322 -0.5807893 -0.5973901 -0.5837404 -0.5671823 -0.5858328 -0.6079861 -0.5880011 -0.599636 -0.6100431 -0.5822209 -0.5750084 -0.5544074 -0.5914187 -0.589022 -0.5722798 -0.5898052 -0.5726349
-0.54027 -0.567803 -0.5757784 -0.5459067 -0.5238687 -0.5560194 -0.5479901 -0.5631483 -0.5512284 -0.5480499 -0.5718303 -0.5768111 -0.5601137 -0.5631011 -0.5376803 -0.5881221 -0.5361109 -0.5409191 -0.5564322 -0.5422337 -0.5547784 -0.5689754 -0.5677429 -0.553309 -0.5468859 -0.5686844 -0.5478733 -0.5662205 -0.5440573 -0.5611716 -0.5598559 -0.5587111 -0.5363236 -0.5317767 -0.5418954 -0.5545048 -0.5612346 -0.5540994 -0.6043148 -0.557482 -0.5511908 -0.5552141 -0.5722299 -0.5663259 -0.5292451 -0.5294017 -0.5472183 -0.5723809 -0.563997 -0.5511502
-0.5346393 -0.4926421 -0.526591 -0.5122247 -0.5200548 -0.5072092 -0.4988223 -0.5106048 -0.5368536 -0.5292384 -0.504589 -0.5192055 -0.5464118 -0.4823746 -0.5001079 -0.493542 -0.5335791 -0.5245738 -0.5403825 -0.5173765 -0.5052187 -0.5260727 -0.4883981 -0.4963636 -0.5283219 -0.5008145 -0.5149508 -0.521767 -0.4790602 -0.4871501 -0.4990884 -0.5296933 -0.5026706 -0.5031297 -0.5053326 -0.5076007 -0.4965905 -0.5341941 -0.5221656 -0.5359248 -0.5610146 -0.5038049 -0.5089651 -0.5126144 -0.4838037 -0.4931016 -0.5129103 -0.5087344 -0.5201511 -0.5081874
-0.4914481 -0.4255748 -0.4829647 -0.4699763 -0.4432366 -0.4862642 -0.4428081 -0.4522958 -0.4886835 -0.4447968 -0.4888051 -0.4446606 -0.4391861 -0.4834384 -0.4838421 -0.4572907 -0.4702185 -0.4568816 -0.4514946 -0.4446411 -0.4751831 -0.4685942 -0.4842314 -0.4374343 -0.4483635 -0.4621735 -0.4601748 -0.4728758 -0.4503966 -0.4986142 -0.4434033 -0.4418712 -0.4663856 -0.4662099 -0.4777105 -0.472851 -0.447973 -0.4569722 -0.478782 -0.4714167 -0.4535544 -0.4219642 -0.4849735 -0.4682629 -0.469957 -0.48229 -0.4610001 -0.4899851 -0.415956 -0.4551434
-0.4667162 -0.4364468 -0.4099715 -0.4346073 -0.4059302 -0.4155386 -0.4365663 -0.4157424 -0.444153 -0.4557323 -0.4182894 -0.4263715 -0.4167095 -0.4255483 -0.4404879 -0.421596 -0.4181861 -0.4126986 -0.4172733 -0.4112119 -0.4351627 -0.4128583 -0.4519044 -0.4410922 -0.4103458 -0.4248158 -0.4666138 -0.4345616 -0.3758796 -0.4308141 -0.408963 -0.4367648 -0.4734076 -0.4127082 -0.4266628 -0.4216513 -0.4192738 -0.4182155 -0.4554793 -0.4147396 -0.4174216 -0.4417591 -0.4215401 -0.4105262 -0.4478178 -0.3990684 -0.4397206 -0.3675035 -0.4071242 -0.4320233
-0.3488496 -0.3861912 -0.3630325 -0.3719829 -0.3343308 -0.3889373 -0.3588637 -0.3916154 -0.3690484 -0.406421 -0.4298937 -0.356915 -0.3876654 -0.3760864 -0.3493198 -0.3452392 -0.401311 -0.3556395 -0.3950806 -0.3276012 -0.3924643 -0.3753195 -0.3930522 -0.3585485 -0.3940909 -0.3646396 -0.3644842 -0.3558007 -0.3748621 -0.3842158 -0.3758171 -0.3612559 -0.4012264 -0.3830328 -0.3445878 -0.4318375 -0.3708849 -0.3917846 -0.3525279 -0.3582391 -0.3716076 -0.3553702 -0.4006773 -0.3999549 -0.4094151 -0.3935228 -0.3891938 -0.3798069 -0.3600091 -0.3877439
-0.3736333 -0.3186034 -0.326203 -0.336179 -0.3550069 -0.3450694 -0.3413418 -0.324965 -0.3193364 -0.2948143 -0.2934117 -0.3527725 -0.3620449 -0.3010384 -0.3424213 -0.3465922 -0.3131506 -0.3311588 -0.3361483 -0.3190423 -0.3155031 -0.322099 -0.3054548 -0.3325245 -0.371698 -0.3440375 -0.3477377 -0.3429166 -0.3333755 -0.3388099 -0.2959719 -0.3303622 -0.329062 -0.3382356 -0.3298656 -0.3124262 -0.3437935 -0.3028815 -0.3534182 -0.332245 -0.3487643 -0.3328205 -0.3190708 -0.3151863 -0.3453036 -0.3564022 -0.3347505 -0.2961791 -0.3024466 -0.3605799
-0.2833178 -0.3117206 -0.2831452 -0.2990307 -0.2653752 -0.2544762 -0.2666197 -0.2853702 -0.280431 -0.3015283 -0.2173096 -0.2898341 -0.283674 -0.2613195 -0.2817698 -0.264598 -0.243774 -0.3095636 -0.3065154 -0.330938 -0.2943666 -0.2973605 -0.2480677 -0.2772153 -0.3121056 -0.2894702 -0.302332 -0.3067894 -0.2519297 -0.2573624 -0.324613 -0.3192148 -0.2435188 -0.27982 -0.2715564 -0.3316126 -0.29003 -0.2323612 -0.2967642 -0.3078088 -0.297215 -0.2866957 -0.2789033 -0.274435 -0.261031 -0.2900011 -0.3347509 -0.2719841 -0.2610126 -0.2884611
-0.2985492 -0.2143652 -0.2724248 -0.2453542 -0.2040037 -0.254396 -0.2307194 -0.2795799 -0.2207278 -0.2583663 -0.2254766 -0.2213852 -0.2142145 -0.2404424 -0.2835465 -0.2507398 -0.2501509 -0.2333686 -0.2340967 -0.2301855 -0.2491111 -0.2376539 -0.2554176 -0.2288829 -0.2228499 -0.2072961 -0.2321272 -0.2078572 -0.1956679 -0.2081465 -0.2423155 -0.2380631 -0.2357721 -0.2034148 -0.2555735 -0.2479632 -0.2065074 -0.1851701 -0.2054513 -0.203853 -0.2676142 -0.2514642 -0.2542474 -0.2226699 -0.2739686 -0.1838662 -0.2294685 -0.2254569 -0.224802 -0.2206167
-0.197416 -0.2112647 -0.1790493 -0.1914644 -0.2024241 -0.1979561 -0.158596 -0.2274169 -0.1839512 -0.1474968 -0.2016303 -0.1998658 -0.1706548 -0.1945792 -0.1800043 -0.189324 -0.1675088 -0.1730609 -0.1612747 -0.174779 -0.1839812 -0.1452464 -0.2226542 -0.2004399 -0.1904246 -0.179267 -0.1505189 -0.2101992 -0.1982937 -0.1743069 -0.1774568 -0.198716 -0.1694536 -0.2118065 -0.1592662 -0.1681324 -0.1682461 -0.1733875 -0.164316 -0.213624 -0.1753274 -0.1640585 -0.1609666 -0.1840485 -0.1921432 -0.1513124 -0.1676181 -0.2042215 -0.1486776 -0.1686578
-0.1348764 -0.1330396 -0.1245855 -0.1615831 -0.1600591 -0.1357475 -0.09302673 -0.1496098 -0.05581711 -0.103319 -0.1120535 -0.1151398 -0.1451922 -0.1441671 -0.117015 -0.08181665 -0.1245825 -0.1413529 -0.1552159 -0.1228842 -0.08777568 -0.1386702 -0.1521034 -0.09526882 -0.1663383 -0.1525899 -0.1134611 -0.09267447 -0.1248417 -0.1525841 -0.1602542 -0.1195772 -0.1655238 -0.1212381 -0.1270652 -0.1304788 -0.09476865 -0.08794425 -0.1627179 -0.1023629 -0.1301343 -0.1237026 -0.117424 -0.1589172 -0.08600682 -0.07880676 -0.08861398 -0.1115279 -0.09370548 -0.1005894
-0.08104468 -0.05546454 -0.04754642 -0.02674784 -0.08563102 -0.0923043 -0.07671045 -0.0864353 -0.1065125 -0.1112095 -0.04873715 -0.03990529 -0.04882206 -0.05355255 -0.02577728 -0.06609307 -0.05269713 -0.06192728 -0.0002436179 -0.07228588 -0.09425309 -0.1087827 -0.05463073 -0.03017322 -0.05519432 -0.05358845 -0.1141203 -0.1062534 -0.08614131 -0.1314694 -0.07240487 -0.09098798 -0.09831799 -0.08616856 -0.113666 -0.07635888 -0.09710997 -0.1031459 -0.07720085 -0.07822776 -0.07320072 -0.06295961 -0.1054676 -0.1155435 -0.08085857 -0.08772404 -0.07872975 -0.08201681 -0.09306403 -0.07909647
-0.009761129 -0.006557728 -0.01213451 -0.0008787356 -0.05014941 -0.02291425 -0.01613295 -0.004053553 0.01390813 0.0343252 -0.1153079 -0.005690516 -0.01643565 -0.04832745 -0.01676624 -0.02557699 -0.008971038 -0.02323626 -0.01271715 -0.0139292 -0.06889133 -0.006155487 -0.004562772 0.0140737 -0.07180043 -0.01118539 0.02083019 -0.02104555 -0.02553593 0.02061781 -0.0237279 -0.008456654 0.005178203 -0.04391825 -0.02083234 0.05821676 -0.01594617 0.0006160505 0.01016424 -0.02916171 -0.02754017 0.03887145 -0.05054378 0.0009252046 -0.01628976 0.03173052 -0.002260154 -0.04081002 -0.05544606 -0.01211203
0.04787716 0.03566031 0.06206536 0.03716305 0.05650267 0.03005426 0.03163945 0.004013343 0.07008322 0.006625406 -0.02807132 0.1005795 0.04440745 0.06037336 0.04420881 0.06429049 0.02449602 0.07985035 0.046547 0.07740713 0.08313758 0.05107775 0.03667206 0.07291579 0.02548505 0.02738846 0.1049492 0.02725385 0.02508037 0.008414611 0.03892252 0.02201882 0.09125446 0.06565989 0.05581933 0.01514679 -0.00788849 0.02599653 0.07166937 0.03760955 0.09233803 0.03780343 0.01344834 0.06001992 0.06529501 0.002352542 0.00876151 0.06726786 0.08771535 -0.05715814
0.1093625 0.1438456 0.06278576 0.1059348 0.05919212 0.1683358 0.1027913 0.06082175 0.139109 0.07576789 0.1336546 0.02199335 0.1172436 0.1447724 0.1258211 0.1726999 0.1080707 0.009340797 0.1186903 0.1002422 0.11657 0.147535 0.05865182 0.1188168 0.1704079 0.148262 0.1783976 0.07423197 0.1630939 0.1230831 0.06457693 0.1263849 0.05409237 0.134956 0.104758 0.1317552 0.1180932 0.1279605 0.09721279 0.1296546 0.07934244 0.1009244 0.1255248 0.1697597 0.0918754 0.02313907 0.1020894 0.1553346 0.07588066 0.1103339
0.181988 0.177609 0.1532512 0.2346302 0.1356061 0.1746273 0.2007462 0.1359641 0.1196979 0.2003452 0.2131552 0.1720846 0.1838907 0.1289348 0.2058156 0.1872758 0.1443221 0.1991214 0.1496419 0.1803009 0.1499361 0.2119769 0.1911843 0.2014467 0.2179033 0.1693803 0.2103538 0.2156031 0.1388444 0.2101978 0.1654935 0.1713016 0.1583744 0.1188276 0.09795396 0.2116017 0.1561992 0.1506333 0.1712337 0.184416 0.1910217 0.1710464 0.1600259 0.2186989 0.2193142 0.105473 0.1147031 0.1438838 0.1718509 0.1585585
0.242277 0.2401505 0.2023722 0.2221861 0.2629797 0.2028849 0.2129346 0.2130954 0.235055 0.2471527 0.2796625 0.1777593 0.2223014 0.2101763 0.2685161 0.2473438 0.1629757 0.2107284 0.3491388 0.2434003 0.220425 0.2381393 0.3016261 0.2528411 0.280309 0.266349 0.2508872 0.2226898 0.2673104 0.2111689 0.268272 0.2031561 0.2692294 0.2071726 0.2517891 0.3010787 0.1946253 0.2023394 0.267904 0.2002147 0.2685112 0.2484451 0.2233523 0.2098867 0.2624068 0.2416251 0.178141 0.3005128 0.246673 0.1908302
0.3060566 0.2652652 0.3774444 0.293981 0.3000179 0.3575263 0.3885821 0.2866844 0.3260374 0.3576125 0.3051266 0.3367136 0.2915022 0.319456 0.4038233 0.2779084 0.3150619 0.2952876 0.3041162 0.25972 0.2796693 0.3404072 0.3321704 0.3988005 0.3232027 0.3231904 0.3517461 0.3831432 0.3350051 0.3209743 0.2789479 0.27741 0.3130349 0.3257346 0.2395575 0.2741763 0.3249336 0.31097 0.2526194 0.2796784 0.2319326 0.2734589 0.2419772 0.3035131 0.2975875 0.3403198 0.3896914 0.2980108 0.2648777 0.3524159
0.3898419 0.4170188 0.3426228 0.3752904 0.3287248 0.3146913 0.3835983 0.3788311 0.3560302 0.4639753 0.4050409 0.4210216 0.3001384 0.3968551 0.3986721 0.3547064 0.3443458 0.4473802 0.3741595 0.3310574 0.4354181 0.3958101 0.415127 0.3756836 0.406838 0.4107549 0.3427134 0.4072228 0.3423901 0.351849 0.4598667 0.4239674 0.3296266 0.3281305 0.4330422 0.3629599 0.4101624 0.3726716 0.4017541 0.3922238 0.3824304 0.3585702 0.30199 0.2988241 0.4335391 0.4007606 0.3878367 0.3802282 0.3874455 0.4548426
0.3477821 0.7383968 0.5630181 0.6529306 0.4974032 0.4626964 0.5081253 0.3467414 0.5737372 0.4808969 0.5168113 0.4618193 0.4595266 0.491223 0.5492058 0.4559521 0.4720713 0.4170354 0.4489781 0.4886366 0.7468504 0.5028618 0.4238927 0.5725533 0.4444208 0.4929854 0.475862 0.4649161 0.607122 0.5631788 0.4160154 0.3441928 0.4507474 0.4687916 0.4782839 0.4232827 0.3958011 0.6700397 0.4769472 0.4072639 0.5821527 0.4606551 0.7446785 0.588788 0.4555262 0.4884835 0.4114004 0.4523473 0.5402535 0.4553614
0.5636003 0.7451367 0.7420922 0.6522079 0.663408 0.6938119 0.5291668 0.748306 0.7540234 0.7473648 0.5949141 0.6440227 0.7406399 0.7495249 0.448614 0.7630168 0.7335022 0.7486915 0.7567656 0.7491945 0.7467977 0.7430452 0.6012982 0.7452056 0.7503436 0.7365674 0.6244507 0.7578333 0.7476268 0.5477764 0.7556404 0.7241249 0.5465249 0.6163259 0.7655844 0.5752579 0.7522353 0.7300663 0.7651723 0.5618253 0.4774248 0.7421244 0.6255603 0.4994366 0.6766961 0.7473159 0.7496558 0.7387615 0.7081769 0.577872
0.7717759 0.7527426 0.7503344 0.7472211 0.7586981 0.7381089 0.7802447 0.7571006 0.7303585 0.7520658 0.7680712 0.7569702 0.7598561 0.7467786 0.7357031 0.7547026 0.7639387 0.7756896 0.7243305 0.7738305 0.7329338 0.7737797 0.7816273 0.760926 0.7455723 0.7583175 0.7204798 0.763584 0.7565038 0.7399768 0.7326358 0.7618278 0.7447698 0.7266285 0.7421169 0.7451813 0.7561215 0.7493878 0.7735703 0.7435302 0.7634325 0.7470507 0.7558139 0.7443123 0.7530776 0.7598229 0.7707811 0.752185 0.7366958 0.7553157
0.7500271 0.771821 0.7664179 0.7587842 0.7473352 0.7540792 0.7644683 0.7663982 0.7682765 0.7675081 0.7708007 0.7638704 0.7875458 0.7514087 0.7585046 0.782524 0.7592384 0.7597482 0.7537678 0.7688844 0.7551105 0.7611598 0.7641484 0.7457607 0.7639972 0.7771278 0.7683688 0.7737916 0.7623364 0.7523054 0.756372 0.7788331 0.7547774 0.7685588 0.7654777 0.7514308 0.768686 0.7610275 0.7530197 0.762388 0.763337 0.7726805 0.7711498 0.7557457 0.7674347 0.752004 0.7545138 0.7705666 0.7658393 0.7669553
0.8123871 0.7759787 0.8072925 0.7908442 0.7614365 0.765744 0.7628492 0.8083145 0.7625662 0.799719 0.7744456 0.7694652 0.7816408 0.7719451 0.7575297 0.7861441 0.7788193 0.7847566 0.7617696 0.7600358 0.7921982 0.7800509 0.7771779 0.7843229 0.7779231 0.7742541 0.8069365 0.7666221 0.7514873 0.7795132 0.7770552 0.7778718 0.7905876 0.7962692 0.7721413 0.751336 0.763252 0.7470297 0.7721689 0.7685613 0.7741696 0.7520876 0.7818347 0.7573149 0.7626282 0.780663 0.786709 0.7760819 0.7812558 0.7870148
0.8420583 0.7949869 0.8035648 0.7684114 0.7981357 0.832346 0.8192457 0.7933519 0.7902449 0.7999333 0.795941 0.8002992 0.8186774 0.7732426 0.8084264 0.8090958 0.7889067 0.8306546 0.8024751 0.7800523 0.7982575 0.7968879 0.7700623 0.7788985 0.8058892 0.7895645 0.7839991 0.8225941 0.8162229 0.780444 0.7878167 0.7982372 0.7718322 0.8133989 0.7715074 0.8190814 0.7707284 0.7788042 0.7700108 0.8125499 0.7662433 0.8001181 0.8100014 0.7770976 0.8220319 0.7918192 0.7879834 0.8097308 0.8116372 0.8171023
0.8484873 0.8261335 0.8057271 0.8515878 0.7910854 0.8190472 0.8582544 0.8080059 0.8128506 0.8153006 0.8392493 0.8174665 0.8307514 0.8307646 0.7853769 0.8499287 0.8348472 0.8344086 0.8292128 0.7920937 0.8013225 0.8321791 0.7947423 0.7956508 0.8196729 0.8251 0.8334297 0.8283662 0.8103426 0.8030181 0.8013369 0.8264118 0.8091351 0.8174964 0.8108796 0.812868 0.8458246 0.7922228 0.7763092 0.8703721 0.8206502 0.819238 0.839194 0.8734294 0.843824 0.8398377 0.7791698 0.8323882 0.8173802 0.8154205
0.9007216 0.8128045 0.8738912 0.8261609 0.8063866 0.8686828 0.8548218 0.8787818 0.8682132 0.8526762 0.8493433 0.8288062 0.8595618 0.8697362 0.8105565 0.8711108 0.8571109 0.8518948 0.82251 0.8395275 0.8487963 0.8102449 0.8643925 0.8489384 0.8560373 0.8300793 0.822288 0.8282012 0.8137552 0.8582477 0.8907857 0.8718395 0.8482752 0.8376403 0.8470751 0.8292008 0.8200985 0.8604892 0.8366559 0.8942154 0.8541895 0.8615345 0.8222013 0.847416 0.8602958 0.8376448 0.8742593 0.8343483 0.8718858 0.8285528
0.9078792 0.8461247 0.8581779 0.8555241 0.8486218 0.8451879 0.8625163 0.8703675 0.8873662 0.8695633 0.862769 0.8274915 0.8617432 0.8704042 0.8715555 0.9067783 0.8946106 0.8631437 0.9042251 0.8425338 0.8636644 0.8618041 0.9056443 0.9011844 0.8794117 0.8703958 0.8525197 0.8761463 0.8546912 0.8119781 0.8715258 0.847453 0.8579254 0.8814644 0.9011064 0.8595313 0.8887627 0.8488985 0.8846749 0.8858313 0.8504146 0.8954193 0.847645 0.8461863 0.9006307 0.8640148 0.8548678 0.8708589 0.8431977 0.8742593
0.9077616 0.8870078 0.8839304 0.894171 0.9027541 0.899781 0.9315418 0.8805852 0.889212 0.8958455 0.8992438 0.8977229 0.8839147 0.8890005 0.8541647 0.8851958 0.893702 0.8935469 0.8861131 0.8815133 0.8852407 0.8737934 0.9004218 0.8553085 0.8881325 0.9008164 0.9057378 0.8960143 0.8755713 0.8930428 0.9134236 0.9037233 0.9175274 0.9035409 0.8932779 0.9266793 0.8745499 0.8882659 0.9094909 0.8923346 0.8663794 0.8789862 0.9047998 0.8964011 0.9047332 0.928045 0.8928593 0.8562199 0.900225 0.9048407
0.9285108 0.9096804 0.9459278 0.8678395 0.9061355 0.9190623 0.8705019 0.9232785 0.9366549 0.8877403 0.9346925 0.9243472 0.8908093 0.907375 0.9149334 0.9272238 0.9013194 0.9267172 0.9103258 0.876457 0.9242815 0.8954585 0.9294535 0.9450511 0.9161703 0.8800961 0.9148082 0.9049032 0.9237632 0.9343414 0.9333724 0.9247166 0.890163 0.954615 0.9003631 0.9220372 0.9174372 0.889947 0.9153405 0.8608246 0.9007958 0.8806284 0.9086524 0.9231592 0.923003 0.9379389 0.9536806 0.9337386 0.9771799 0.8916717
0.9609262 0.9648492 0.9263435 0.9426225 0.9658859 0.9802962 0.9030454 0.9365523 0.9723921 0.9517743 0.9588341 0.9706923 0.9289468 0.9559591 0.9271264 0.9390204 0.910057 0.9329395 0.9454349 0.9302921 0.9792588 0.924612 0.9551198 0.9523172 0.9169247 0.9387718 0.9616078 0.9615754 0.9444324 0.91844 0.9276248 0.9656268 0.9277427 0.9679043 0.9511159 0.9776512 0.9137639 0.8906216 0.9195039 0.9313026 0.918169 0.9110803 0.9514662 0.9388147 0.9173209 0.9632575 0.930227 0.9411314 0.9378582 0.962631
0.9612926 0.9685871 0.9541204 0.9347743 0.964562 0.8960909 0.9466111 0.9736352 0.962131 0.9958747 0.9429358 0.960287 0.9294284 0.9477156 0.9526033 0.9540217 0.9696813 0.9337954 0.9162697 0.9709543 0.9802461 0.929756 0.9625632 0.9515644 0.9626717 0.9303714 0.9429096 0.9680184 0.9493732 0.9659792 0.9432181 0.9564081 0.9536126 0.9445308 0.9184831 0.970634 0.9755384 0.977765 0.9166514 0.9646895 0.9773041 0.9341974 0.9160063 0.924676 0.9728635 0.9626963 0.9428635 0.9509832 0.9758662 0.9443195
0.9778285 0.9647925 0.8778752 0.9456913 0.9664881 0.9452929 0.9762564 0.9372191 0.9596014 0.9435246 0.9085823 0.986645 0.9583195 0.9882033 0.9854308 0.9732887 0.9623083 0.9891979 0.9663659 0.9533086 0.9606826 0.9626839 0.9437959 0.9626624 0.9577233 0.988055 0.9866517 0.9822276 0.9612443 0.9463917 0.9670479 0.9658461 0.9671182 0.9789045 0.9943092 0.9534031 0.9770017 0.9408653 0.9530393 0.9718714 0.981759 0.964836 0.9768667 0.9671873 0.9590668 0.989335 0.9889983 0.9786454 0.9721554 0.9931364
0.9496106 0.975269 0.970932 0.9669311 0.9912869 0.9712102 0.9696221 0.9674079 0.9773338 0.966739 0.9947687 0.9586912 0.9848269 0.9927954 0.9749959 0.9952124 0.9464376 0.9469032 0.9757238 0.9838465 0.9545444 0.9359154 0.9772947 0.96855 0.9642256 0.9594559 0.977202 0.9221085 0.9560621 0.9426326 0.9934368 0.9822594 0.9563657 0.9872837 0.9799152 0.9583442 0.9689857 0.9692852 0.9743591 0.9801561 0.9718981 0.9909281 0.9775853 0.9688436 0.9902924 0.9945504 0.9679064 0.9678903 0.9642066 0.9891917
0.9757739 0.9952512 0.9970048 0.9988986 0.9875996 0.9888015 0.9784181 0.978019 0.9775904 0.9564587 0.9877917 0.9783738 0.9768179 0.98906 0.9981325 0.9762711 0.9700173 0.9940154 0.9961079 0.9973333 0.9945971 0.9656283 0.9834545 0.9950441 0.9752693 0.9775627 0.964641 0.993786 0.985399 0.9876705 0.9841263 0.9672489 0.9713428 0.9878968 0.9974799 0.9855834 0.9317592 0.9979601 0.9944289 0.993858 0.9963761 0.9867508 0.9708786 0.9780799 0.98517 0.9914996 0.9715992 0.9872386 0.969717 0.9907623
0.9829766 0.9889388 0.992786 0.9871548 0.968048 0.9830404 0.9947454 0.9946522 0.9950707 0.9876574 0.995102 0.9916138 0.9966371 0.99608 0.9908699 0.9880403 0.9974423 0.9911431 0.9905441 0.9963486 0.989932 0.9882971 0.9783804 0.992429 0.9847867 0.9994114 0.992908 0.9941538 0.9565927 0.9782783 0.9614339 0.9740071 0.9854327 0.9946297 0.9876332 0.9968144 0.9827695 0.9558582 0.9736275 0.9968748 0.9861605 0.9941934 0.9886337 0.9782129 0.9705153 0.9954602 0.9847024 0.9758123 0.9965345 0.9748352
0.9872611 0.9947758 0.9927827 0.9846991 0.9964338 0.9986326 0.9958454 0.995572 0.9869957 0.9972722 0.9800376 0.9951148 0.9962848 0.9972407 0.9946023 0.9836035 0.9930147 0.9914752 0.9600977 0.9970958 0.9900194 0.9969483 0.9970847 0.9935108 0.9989371 0.9991865 0.9895394 0.9787569 0.9794364 0.9915647 0.9994962 0.9965698 0.9649011 0.9964388 0.9932175 0.9877084 0.9958642 0.9976973 0.9992271 0.9962801 0.9966256 0.9869994 0.9933089 0.9913403 0.995141 0.981671 0.9958067 0.9853686 0.9966237 0.9971702
0.9972962 0.9776314 0.9938151 0.9863586 0.9985133 0.9986983 0.9956449 0.9997836 0.9956393 0.9852085 0.9924009 0.9979623 0.9948596 0.9971581 0.9954703 0.9966829 0.9986937 0.9794841 0.9947206 0.9981644 0.9962397 0.9964148 0.9910133 0.9978317 0.9869877 0.9881978 0.9855976 0.9924757 0.9902269 0.9728957 0.9980112 0.9947795 0.9947027 0.9932774 0.9952352 0.9905265 0.9983866 0.9962661 0.9781413 0.9977073 0.9984081 0.9936305 0.9986069 0.9989972 0.9915167 0.9913699 0.9757761 0.9959182 0.9903334 0.9983411
0.9982813 0.9814203 0.9973946 0.9925073 0.999688 0.9967547 0.9896054 0.9967964 0.9964192 0.9987634 0.9950983 0.9964595 0.9876972 0.9986315 0.9963347 0.9987382 0.9921685 0.9936171 0.9987981 0.9939006 0.9831917 0.9938888 0.9848281 0.9990687 0.9990569 0.9987052 0.9974224 0.9956052 0.9986853 0.9993624 0.9903867 0.986588 0.9990574 0.9716703 0.9931873 0.9991852 0.9967061 0.9957972 0.9886833 0.9997413 0.9828751 0.9993739 0.9962434 0.9958141 0.9974045 0.988504 0.9991117 0.9940538 0.9988426 0.9934754
0.9961356 0.9992006 0.9899407 0.9971995 0.9890665 0.9963279 0.995669 0.9853188 0.9957852 0.9956824 0.9981147 0.9875574 0.9937937 0.9976618 0.9845656 0.9986928 0.9921892 0.9866781 0.9957703 0.9974342 0.9961703 0.9992102 0.9984857 0.9890303 0.998467 0.9955133 0.9973998 0.9952722 0.9934946 0.9934319 0.993994 0.9933853 0.9978308 0.9928591 0.9986097 0.9982652 0.9997494 0.9984187 0.9952528 0.9978503 0.9958616 0.9971312 0.9978746 0.9961782 0.9882695 0.999746 0.9881835 0.9935408 0.9973456 0.9954357
0.9990168 0.9935858 0.9946254 0.9976013 0.9932813 0.9973039 0.9988011 0.9824219 0.9997128 0.999001 0.9977162 0.9969906 0.9992859 0.9965512 0.9994888 0.9996036 0.9932714 0.9993905 0.9972383 0.998732 0.9959853 0.9981892 0.9986313 0.9909773 0.9977788 0.9955521 0.9873125 0.9961323 0.9981979 0.9936765 0.9944267 0.9810425 0.9979264 0.9929212 0.9831924 0.9995471 0.999403 0.9958137 0.995001 0.9941131 0.9940242 0.9990687 0.9968498 0.999281 0.9994497 0.9998131 0.996875 0.9993375 0.987813 0.9977054
0.9997595 0.9969843 0.9950587 0.9975795 0.9940861 0.990036 0.9982711 0.9944007 0.9776786 0.9958701 0.996101 0.9996927 0.9994675 0.999149 0.9995132 0.9990829 0.9993664 0.9997752 0.9978324 0.9998714 0.9928393 0.9936087 0.9971989 0.9966103 0.9924955 0.9963442 0.9978646 0.9996117 0.985248 0.9985213 0.9956378 0.9907798 0.9970002 0.9854775 0.999506 0.9971366 0.9995806 0.9952681 0.9886057 0.9993093 0.998836 0.9977804 0.9952674 0.9964501 0.9996734 0.9990719 0.9798938 0.9991146 0.986422 0.9995525
0.9984082 0.9960236 0.9997578 0.9955344 0.9978752 0.9985002 0.9981222 0.9927814 0.9994537 0.994738 0.9988957 0.9956871 0.9979296 0.9931923 0.9997279 0.9968026 0.9956898 0.9931779 0.9990001 0.9970255 0.9960987 0.9973238 0.9997255 0.9945748 0.9989872 0.9924005 0.9992252 0.9985093 0.9991325 0.9993888 0.9980378 0.9949539 0.9872281 0.998408 0.9988622 0.9988301 0.9889764 0.9980639 0.9990483 0.9997665 0.9988636 0.9976329 0.9968115 0.9983509 0.9968858 0.9973449 0.9983568 0.999338 0.9962178 0.9987754
0.9926212 0.9992733 0.9967562 0.9977422 0.9984078 0.9989128 0.9902743 0.9961525 0.9984654 0.9946669 0.9979704 0.9940273 0.9984891 0.9983744 0.996181 0.9980151 0.9949212 0.9981453 0.9987484 0.9981253 0.9979384 0.9982198 0.9976431 0.9980828 0.9996695 0.9978715 0.998269 0.9959153 0.9997428 0.999157 0.9984274 0.999193 0.9937023 0.9930746 0.9938244 0.9992012 0.998091 0.9973494 0.9997998 0.9989366 0.9956534 0.9951332 0.9973008 0.9990922 0.9931698 0.9981102 0.9972212 0.9941419 0.9962003 0.9986484
0.9993136 0.9988419 0.9987493 0.9971307 0.990564 0.9974855 0.9967839 0.9978071 0.9996311 0.9995128 0.9975783 0.9997852 0.9982484 0.9912046 0.9998258 0.9971924 0.9968876 0.9966164 0.9977951 0.9960412 0.999027 0.9976991 0.9968101 0.9989484 0.9984376 0.9997134 0.9992663 0.9995977 0.9991904 0.999009 0.9995843 0.998842 0.9997393 0.9985156 0.9975436 0.9972467 0.9972588 0.997184 0.991478 0.9968383 0.9987487 0.99775 0.9982319 0.9964024 0.9991368 0.9996144 0.999352 0.9973597 0.9990666 0.9991651
0.9996893 0.9995661 0.9983776 0.9983049 0.9955104 0.9985221 0.9992504 0.9976371 0.9986871 0.998245 0.9983504 0.9984815 0.994945 0.9994572 0.9992344 0.9991304 0.9993563 0.9986468 0.9954652 0.9998271 0.9983224 0.9994047 0.9984511 0.9992382 0.9993074 0.9945844 0.9985922 0.9980022 0.9945522 0.998631 0.9953659 0.9994476 0.9997634 0.9976884 0.998575 0.9980225 0.9989026 0.9968881 0.9982175 0.9983377 0.9988769 0.9912545 0.9988233 0.9986131 0.9982495 0.9944704 0.9987719 0.9957468 0.9990071 0.9992141
0.9990049 0.9993644 0.99769 0.9938509 0.999373 0.9985009 0.9997524 0.999606 0.9943324 0.999231 0.9990465 0.9963982 0.9984048 0.9980685 0.9964523 0.9993541 0.9986897 0.9981588 0.9993547 0.9924826 0.9995527 0.9975981 0.9997165 0.9975681 0.9982157 0.9994519 0.9989558 0.9986882 0.9964696 0.9997584 0.9995552 0.9976107 0.9996285 0.9936971 0.9985647 0.9976632 0.9976996 0.9997252 0.9977316 0.9963672 0.999652 0.9901208 0.9997022 0.9995547 0.9993013 0.9944941 0.9992491 0.9925696 0.9942618 0.9994265
0.9988545 0.997981 0.9995234 0.9997714 0.9996571 0.9976303 0.9982046 0.9990622 0.9985138 0.9995529 0.999752 0.9953953 0.9991658 0.9942971 0.9994854 0.9989111 0.9957331 0.9985975 0.9989041 0.9991959 0.9994324 0.9991256 0.9969817 0.9996188 0.9970971 0.9973522 0.9994672 0.9987812 0.9992196 0.9931589 0.9997018 0.9996485 0.9981515 0.9984535 0.9998321 0.9985673 0.9936661 0.9980788 0.9996011 0.9990312 0.9981874 0.9955825 0.9994745 0.9992847 0.99919 0.999251 0.9961099 0.9986832 0.9979928 0.9993448
0.9985226 0.9954948 0.9956955 0.994868 0.9991984 0.9981242 0.9995954 0.9958183 0.997869 0.9994591 0.9994346 0.9988202 0.9963142 0.9995004 0.9997451 0.9995654 0.9995338 0.9942721 0.9991208 0.9964589 0.9991017 0.9967306 0.9978908 0.9993402 0.9978088 0.9993827 0.9997908 0.9996332 0.9992792 0.9993624 0.9989271 0.998284 0.9998256 0.9990703 0.9998521 0.9953314 0.9994372 0.9996972 0.9987433 0.9994911 0.9997299 0.9971405 0.9980428 0.9936954 0.9994106 0.9992771 0.9983716 0.999422 0.9993351 0.9990257
0.9992255 0.9985308 0.9994719 0.9965933 0.9994051 0.9990272 0.999599 0.9993242 0.9977083 0.9982437 0.9997115 0.9991069 0.9991813 0.9996583 0.9997106 0.9987571 0.9934948 0.9984014 0.999597 0.9991548 0.9997019 0.997346 0.9982626 0.9979996 0.9995881 0.9980053 0.9997767 0.9987127 0.9978776 0.999304 0.9974646 0.999306 0.9979418 0.9938184 0.9990715 0.998149 0.9991034 0.9976944 0.9988178 0.9963934 0.9976376 0.9980503 0.9994061 0.9996198 0.9935718 0.999149 0.9992521 0.9984693 0.9993801 0.99864
0.997341 0.9989535 0.9970105 0.9988424 0.999209 0.9978831 0.9991511 0.9997378 0.999188 0.999365 0.9961047 0.9957041 0.9993278 0.9997496 0.999732 0.9997046 0.9960298 0.999422 0.9972478 0.9988757 0.9958729 0.9989145 0.9998539 0.9998836 0.9983103 0.9998394 0.9988941 0.9991776 0.9963048 0.998942 0.9962417 0.9995886 0.9982713 0.9973558 0.9991291 0.997142 0.9996967 0.9990994 0.9960022 0.9975123 0.9983616 0.9995322 0.9977635 0.9993752 0.9992068 0.9996043 0.9955835 0.9997552 0.9993869 0.9995841
0.9990572 0.9991786 0.9988915 0.9987395 0.9995507 0.998071 0.9980979 0.9987788 0.9991581 0.9986941 0.9977182 0.9988406 0.9972192 0.9997974 0.9974638 0.9963392 0.9978549 0.9997565 0.9996964 0.9996699 0.9946152 0.9982326 0.9986843 0.9995394 0.9996764 0.9996718 0.9983302 0.9959725 0.9959796 0.9990175 0.9953573 0.9994708 0.9994326 0.9995168 0.9990412 0.9988588 0.9984878 0.9979431 0.9983349 0.9985423 0.9974398 0.9972071 0.9996933 0.9989601 0.9977093 0.9995682 0.9997757 0.9981836 0.9990621 0.9993507
0.9996114 0.9978995 0.9977094 0.9991565 0.9983693 0.9973982 0.9968525 0.9947098 0.9991878 0.9998863 0.9914466 0.9992154 0.9988715 0.9992847 0.9990145 0.9997867 0.9981769 0.999402 0.9997656 0.9981531 0.9976458 0.9994686 0.9993419 0.9990516 0.9983258 0.9991351 0.9932156 0.9987674 0.9994129 0.9997187 0.9993004 0.9969303 0.9990659 0.9971404 0.9986716 0.9987689 0.9991594 0.9998351 0.997572 0.9963666 0.9975544 0.9993317 0.997885 0.999232 0.9994869 0.9994521 0.9935995 0.9994785 0.9991418 0.9962929
0.9984415 0.9946286 0.9984617 0.9995277 0.9994456 0.9975292 0.9961672 0.9987499 0.9990594 0.9989673 0.994839 0.9997191 0.9997154 0.9990634 0.9995567 0.9976819 0.999355 0.997983 0.9994591 0.9998871 0.9997171 0.9999605 0.9996936 0.9993765 0.9981806 0.9999332 0.9978155 0.9996373 0.9980669 0.9993131 0.9995304 0.9978482 0.9992653 0.9991895 0.9995006 0.9982962 0.9986159 0.997803 0.9998766 0.9993941 0.999296 0.9993171 0.9998666 0.9998334 0.9995181 0.9995884 0.9989505 0.9964524 0.9994316 0.9981404
0.9999149 0.9994578 0.9988452 0.9962929 0.9997593 0.9990909 0.9991208 0.9985456 0.9995629 0.9984371 0.9998181 0.9980802 0.9972618 0.9997025 0.9951846 0.9994812 0.9984995 0.9985639 0.9992233 0.9992488 0.9988144 0.9994176 0.9985156 0.9985236 0.9992928 0.9993632 0.9996664 0.9981125 0.9984977 0.9992748 0.9987859 0.9978143 0.9994855 0.9994116 0.9990691 0.9971976 0.9991481 0.999737 0.9986147 0.9991857 0.9991472 0.9992864 0.9979202 0.999825 0.9984568 0.9997588 0.9988644 0.9985263 0.9995703 0.9987727
0.9974379 0.9984951 0.9982422 0.9998505 0.9973907 0.9996783 0.9962713 0.9990452 0.999157 0.9994369 0.9994542 0.9978489 0.9970585 0.9983571 0.999771 0.9992921 0.99845 0.9998778 0.9980049 0.9993066 0.9997722 0.9995444 0.999464 0.9977958 0.9961596 0.9987877 0.996329 0.9998992 0.9998843 0.9992984 0.9974432 0.9983251 0.9986862 0.9990549 0.9985337 0.9987416 0.9958202 0.9982012 0.9995227 0.99935 0.9996326 0.9995756 0.9991678 0.999773 0.9997223 0.9988094 0.9935546 0.9955267 0.9989746 0.998648
0.9986416 0.9993205 0.9959321 0.9973309 0.9976277 0.9996489 0.997879 0.9979836 0.9959821 0.9996346 0.9987907 0.9994782 0.999697 0.9998217 0.9978048 0.9975989 0.9996424 0.9999335 0.9991061 0.9978896 0.9980444 0.9996915 0.9993823 0.9970205 0.9992441 0.999591 0.9950159 0.9996063 0.9997469 0.9988084 0.9995856 0.9994745 0.999507 0.9982625 0.9994728 0.9944488 0.9998204 0.9991978 0.998721 0.9958143 0.9925864 0.9993785 0.9998287 0.9971958 0.9992393 0.9994936 0.9994876 0.9999155 0.9995197 0.9984564
0.9986736 0.9985477 0.9995954 0.9998067 0.9998707 0.9997308 0.9997024 0.998767 0.9988708 0.9986965 0.9995378 0.9990632 0.9992125 0.9982411 0.9986598 0.9994708 0.9996864 0.9980143 0.9975664 0.999373 0.9986866 0.999882 0.9998778 0.9955892 0.9989357 0.9997719 0.9974012 0.9991947 0.9991039 0.9993682 0.9996097 0.9990791 0.9992702 0.9998053 0.9999749 0.9994884 0.9993034 0.9995565 0.9989775 0.999212 0.9996763 0.9988187 0.9988913 0.9983804 0.9965757 0.9997969 0.9959448 0.9992671 0.9997828 0.9992905
0.9999026 0.9982054 0.9996876 0.9984698 0.9983691 0.9993404 0.999727 0.9992409 0.9996255 0.998287 0.9998083 0.9975612 0.9982551 0.9963516 0.9995635 0.9996217 0.9994994 0.9989319 0.9993856 0.9992139 0.9997914 0.9988304 0.9977879 0.9996712 0.9981429 0.9991566 0.9983484 0.9970459 0.997831 0.9989472 0.9976794 0.9985721 0.9990684 0.9999277 0.9990772 0.9990188 0.9990245 0.9990211 0.9996859 0.9977645 0.9996547 0.9994108 0.999486 0.9995301 0.9983126 0.9995679 0.9989846 0.9996108 0.9991101 0.9994411
0.9980675 0.99981 0.9997428 0.9992621 0.9995935 0.9995837 0.9959298 0.9988379 0.9993199 0.9989597 0.999821 0.9998296 0.9985223 0.9999113 0.9993653 0.998631 0.9990038 0.9995562 0.9998574 0.9992336 0.9992946 0.999002 0.9984108 0.997947 0.9974138 0.9996881 0.9990407 0.9991663 0.99931 0.9992835 0.997713 0.9994915 0.9992442 0.9992976 0.9997138 0.9996729 0.9985946 0.9997381 0.9992442 0.9999141 0.999749 0.9973317 0.9970125 0.9980276 0.998494 0.9997167 0.99972 0.999409 0.9984619 0.9994398
0.9989495 0.9992945 0.9979915 0.9996749 0.9983118 0.9988178 0.9984853 0.999812 0.9997966 0.999689 0.999644 0.9995867 0.9980046 0.9999176 0.996848 0.9993322 0.9993996 0.9991284 0.999771 0.9997842 0.9974481 0.9983588 0.9989842 0.9999062 0.9991802 0.9997149 0.9958043 0.9993334 0.9995075 0.9995376 0.9995028 0.9976357 0.9986452 0.9997886 0.9996682 0.9987203 0.9991394 0.9991148 0.9993041 0.9997829 0.9991242 0.9980501 0.9992049 0.9987636 0.9993399 0.9995631 0.9998693 0.9992675 0.9995426 0.9985224
0.9970735 0.9979295 0.9989376 0.9993417 0.9973519 0.9976472 0.9979792 0.9991661 0.9981482 0.9963937 0.9987544 0.9997707 0.9997614 0.9994589 0.9998921 0.9982704 0.999042 0.9997306 0.9982557 0.9960838 0.999879 0.9979025 0.9988894 0.9976942 0.9985019 0.9980777 0.9998594 0.9984768 0.9987521 0.9993719 0.9999384 0.999325 0.9986764 0.9996815 0.9990916 0.9991281 0.999512 0.9989781 0.9994876 0.9983227 0.9989356 0.9995415 0.9990223 0.9994076 0.9993346 0.998266 0.9995828 0.9996186 0.9992144 0.9970348
0.9990216 0.9988606 0.9998245 0.9997475 0.9998215 0.9955209 0.9986132 0.9984559 0.9981571 0.9991596 0.9985762 0.999876 0.9983628 0.9985793 0.9986311 0.999847 0.9979553 0.9980811 0.9993679 0.9994309 0.9996776 0.9993142 0.9993858 0.9996812 0.9996897 0.999242 0.9987052 0.9985366 0.9997608 0.9993582 0.9998208 0.9995406 0.9968684 0.9984576 0.9992884 0.9997704 0.9991513 0.9977343 0.9990506 0.9992812 0.9996727 0.9995011 0.9996464 0.9991164 0.9998933 0.9991609 0.9981629 0.9997312 0.999902 0.9997648
0.9996519 0.998961 0.9999438 0.9987533 0.9997079 0.9996188 0.9998627 0.9997763 0.9988815 0.9989906 0.9995028 0.9992436 0.9993889 0.999659 0.998914 0.9999185 0.9977442 0.9997911 0.999872 0.9966631 0.9999196 0.9988362 0.9969059 0.9982656 0.9987804 0.9996236 0.9988643 0.9997887 0.999358 0.9998094 0.9984954 0.9994435 0.9977116 0.9989566 0.9986068 0.9981093 0.9994068 0.9984323 0.9977047 0.9997569 0.9998315 0.9998581 0.9994626 0.9988582 0.9995638 0.9990461 0.9995785 0.9978833 0.9997784 0.9990687
0.9999131 0.999418 0.9950955 0.9989356 0.9994267 0.9996716 0.997206 0.9976307 0.9991621 0.998229 0.9995696 0.9978271 0.9967596 0.9995492 0.9990406 0.9993681 0.9989661 0.9991868 0.9982497 0.9997409 0.9982251 0.9996074 0.9993548 0.9995148 0.999808 0.9974617 0.9989791 0.999773 0.9989338 0.9995739 0.999265 0.9988192 0.9997995 0.9987902 0.9984577 0.999602 0.9996825 0.9987614 0.9994984 0.9997199 0.9996984 0.998871 0.99943 0.9989302 0.9995192 0.9987779 0.9994571 0.999301 0.9976134 0.9998716
0.9991665 0.9990161 0.9994347 0.9948012 0.9998324 0.999078 0.9973039 0.9991799 0.997875 0.9978558 0.9978305 0.9998005 0.9990232 0.9994432 0.999189 0.9997904 0.99985 0.998061 0.999152 0.9989256 0.9994222 0.9996608 0.9994879 0.9984751 0.9987247 0.9974176 0.9971456 0.9976519 0.9987996 0.9978275 0.9996816 0.9991477 0.9984602 0.9988276 0.9996452 0.9992596 0.9997799 0.9985796 0.9998571 0.9996628 0.9993851 0.9998812 0.9996749 0.9995426 0.9994607 0.9994393 0.99948 0.9988773 0.9993366 0.9988226
0.9990983 0.9990376 0.9992021 0.9994233 0.9963938 0.999339 0.9982752 0.9995065 0.9995581 0.9990938 0.9999143 0.9999774 0.9980003 0.9989268 0.9992743 0.9995429 0.9960036 0.9995332 0.9994384 0.9999279 0.9982511 0.9986033 0.9991408 0.9972164 0.9992637 0.9986136 0.9995985 0.9968423 0.9984583 0.9985637 0.9980603 0.9990221 0.9998537 0.9996307 0.999593 0.9987257 0.9977177 0.9996831 0.9997492 0.9971981 0.9988228 0.9989626 0.9993596 0.999689 0.9990614 0.9980557 0.9999303 0.9997105 0.9990765 0.9985596
0.9995895 0.9996267 0.9982292 0.9995361 0.9986624 0.9996093 0.9993956 0.9991909 0.9997523 0.9993695 0.9999096 0.9985374 0.997676 0.999746 0.9934313 0.9999071 0.9993669 0.9986795 0.9998987 0.9994378 0.9991968 0.9995672 0.999509 0.998084 0.998529 0.99964 0.9954449 0.9986856 0.9997967 0.9988625 0.9991092 0.9998822 0.9999251 0.9974324 0.9996035 0.9997058 0.9996143 0.9990091 0.9992575 0.9997412 0.9978136 0.9995525 0.9999218 0.9994954 0.9986616 0.9984174 0.9994926 0.9983006 0.9999303 0.9993443
0.9988691 0.9998282 0.9992628 0.9983089 0.9994151 0.9992618 0.9997627 0.9970356 0.9996988 0.9995705 0.9977874 0.9995215 0.9996419 0.9996487 0.9998456 0.9996219 0.9996441 0.9990586 0.9971085 0.9998104 0.998724 0.9995639 0.9996218 0.9993593 0.9986344 0.9996117 0.9992002 0.9996532 0.9989621 0.9992414 0.999879 0.9997936 0.9999422 0.9996102 0.9997544 0.9977293 0.9998659 0.9991582 0.9990519 0.9989495 0.9997775 0.9996338 0.9996416 0.9996691 0.9983893 0.9997014 0.9998808 0.9998652 0.9996426 0.9982511
0.9997672 0.9990837 0.9986456 0.9997131 0.998733 0.9988505 0.9995595 0.9996955 0.9998233 0.9993464 0.9984257 0.9987508 0.9989331 0.9995 0.9991674 0.9992874 0.9993546 0.9977935 0.9990785 0.9981699 0.9994635 0.9997812 0.9998499 0.9993806 0.9998841 0.9993058 0.9990636 0.9995169 0.9973372 0.9975495 0.9996979 0.9992856 0.9998375 0.9955391 0.9995613 0.9996642 0.9990089 0.9993613 0.9983342 0.9993856 0.998538 0.9998667 0.9987271 0.9986514 0.9995869 0.9987057 0.9989114 0.99982 0.998727 0.9997441
0.998205 0.9998602 0.9985458 0.9971704 0.9990049 0.9989672 0.9974403 0.999684 0.9997394 0.9995793 0.9998862 0.9989407 0.9984675 0.9979595 0.9998061 0.9986004 0.995913 0.9998789 0.9979133 0.9987589 0.9984734 0.999382 0.9989943 0.9994846 0.999824 0.9998613 0.9990286 0.9980395 0.9995165 0.9996467 0.9995661 0.9989078 0.9969791 0.9995576 0.9997817 0.9996992 0.9998158 0.9981657 0.9992396 0.9996021 0.9996221 0.9995438 0.9993196 0.9991835 0.9987457 0.999764 0.9993716 0.9984511 0.9973642 0.9978137
0.9966402 0.9992912 0.9992733 0.9991903 0.9988426 0.9987017 0.9985922 0.9996673 0.999295 0.9999217 0.9998903 0.999234 0.9999681 0.9983949 0.9991082 0.9967819 0.9996594 0.9994416 0.998345 0.9995116 0.9974916 0.9984342 0.9997798 0.9995354 0.9992661 0.9987579 0.9995972 0.9988954 0.9984971 0.9990229 0.9983669 0.9996969 0.9990104 0.9989415 0.9992959 0.999555 0.9998828 0.9999066 0.9975767 0.9999458 0.9998879 0.9983607 0.9998053 0.9990667 0.9985986 0.9989929 0.9997013 0.9985527 0.9979729 0.998613
0.9997273 0.9995962 0.9998782 0.9988722 0.9997066 0.9998464 0.998555 0.9956184 0.9989519 0.9996749 0.9993823 0.9993371 0.9958558 0.9991163 0.9968554 0.9992334 0.9995048 0.9996709 0.9996774 0.9998464 0.9997685 0.9972541 0.9994409 0.9991779 0.9998332 0.9998341 0.9995507 0.9992859 0.9999036 0.9997312 0.9988073 0.9996703 0.9993299 0.9998017 0.9995821 0.9984783 0.999433 0.9993106 0.9995685 0.9993965 0.9986466 0.9993696 0.9976315 0.9905464 0.9985398 0.9979829 0.9999416 0.9997603 0.9980576 0.9955433
0.9995862 0.9995348 0.9992211 0.9990869 0.9993756 0.9989729 0.9994804 0.9985821 0.9990415 0.9988457 0.9995182 0.9985253 0.9995876 0.9996509 0.9998278 0.996252 0.9992061 0.9990227 0.9907698 0.9998908 0.9995568 0.9996135 0.9997584 0.9980463 0.9998932 0.999578 0.999827 0.9997228 0.9982467 0.9986312 0.9973104 0.9982771 0.999341 0.9999191 0.9998098 0.9994952 0.9996362 0.9989464 0.9984502 0.999521 0.9989902 0.9984919 0.9982434 0.9986208 0.9984243 0.9991394 0.9991833 0.9992775 0.9992321 0.9994726
0.9997281 0.9984091 0.9997846 0.9994465 0.9997685 0.9997886 0.9998505 0.9987384 0.9980082 0.9996449 0.9989474 0.9990089 0.9995367 0.9992208 0.9943887 0.9997281 0.999707 0.9986473 0.9992741 0.9991015 0.998766 0.9998212 0.9979823 0.9993608 0.9988807 0.999863 0.9988535 0.998445 0.9997141 0.9996843 0.9979499 0.9996459 0.999901 0.9998243 0.999875 0.9978071 0.9994749 0.9992817 0.9994277 0.9994662 0.99991 0.9981935 0.9989994 0.9994542 0.9959993 0.9971849 0.9993874 0.9995525 0.9991571 0.999163
0.9991998 0.9994818 0.999896 0.9987035 0.9977226 0.9995717 0.9991009 0.9993864 0.9999019 0.9996233 0.9993705 0.9980376 0.993601 0.9976789 0.9998002 0.9993043 0.9997232 0.9969059 0.9997507 0.997448 0.9991238 0.9995915 0.9990511 0.9988346 0.9999603 0.9993672 0.999823 0.9995346 0.9984764 0.9975833 0.9953757 0.999426 0.9997153 0.9997188 0.9939286 0.9993542 0.9997045 0.9998926 0.9995629 0.999728 0.9997096 0.9996727 0.9974419 0.9979316 0.999697 0.9990883 0.9984918 0.9989563 0.9967806 0.9997297
0.999541 0.9993131 0.9970653 0.9991601 0.9985644 0.9986495 0.9987489 0.9991413 0.9996652 0.9996054 0.997747 0.998555 0.9992032 0.9990346 0.9995879 0.9971855 0.9971547 0.9990478 0.9999193 0.9993427 0.9995993 0.9992016 0.999588 0.9998076 0.9980996 0.9996278 0.9999328 0.9997821 0.999342 0.999306 0.9956528 0.999065 0.9998752 0.9993231 0.9996965 0.9978617 0.9988123 0.9978888 0.9992195 0.9978135 0.9991596 0.9980852 0.9993114 0.9997556 0.9982838 0.9989975 0.9992224 0.999913 0.9995913 0.9996126
0.9999275 0.9995988 0.9995201 0.9989961 0.9994636 0.9992299 0.999404 0.9994972 0.9972935 0.999797 0.9995047 0.9992708 0.9997844 0.9990705 0.9996846 0.9985878 0.9979612 0.999113 0.9997944 0.9985731 0.9988663 0.9991459 0.9989838 0.9990084 0.999103 0.9982209 0.9997256 0.9991331 0.9972455 0.9995847 0.9999005 0.9979061 0.999478 0.9998172 0.9995126 0.9985118 0.9992238 0.9980108 0.9978982 0.9949351 0.998902 0.9993492 0.9988508 0.9979448 0.9991152 0.9991101 0.9993878 0.9981336 0.9994854 0.9990466
0.9988639 0.9998692 0.9993773 0.9991787 0.9996249 0.9995923 0.9997403 0.9994297 0.9967527 0.9997358 0.9994621 0.9986973 0.9981716 0.9972846 0.9996462 0.9999909 0.9988264 0.9977001 0.9988855 0.9994929 0.9986404 0.9977449 0.9997173 0.9995141 0.9978485 0.9995262 0.9989148 0.9997497 0.9983602 0.9986289 0.9997858 0.9992039 0.9995863 0.9995244 0.9994442 0.9990875 0.9986565 0.999543 0.9997924 0.9987023 0.9997586 0.9993175 0.999364 0.9992638 0.9990636 0.9986763 0.9973824 0.9997018 0.9983544 0.9998262
0.999818 0.9998655 0.9984837 0.9996451 0.9989752 0.9994478 0.9992915 0.9967562 0.9991703 0.9995878 0.9985189 0.9986071 0.998732 0.9987141 0.9988955 0.9992252 0.9997767 0.9995537 0.9988294 0.9998487 0.9996714 0.9976045 0.9992338 0.9970803 0.9991988 0.9992093 0.9996656 0.9997272 0.9987978 0.9972481 0.9996822 0.9998548 0.9996433 0.9970393 0.9976208 0.9993892 0.9998791 0.9990899 0.998423 0.999242 0.9997886 0.9996844 0.9995631 0.9994698 0.9997011 0.9992944 0.9993943 0.9987314 0.9999587 0.9998484
0.9999417 0.9999332 0.9997784 0.9998535 0.9995363 0.9989223 0.9998014 0.9993566 0.9992006 0.998977 0.9979665 0.9996862 0.9994169 0.9996637 0.9998955 0.9973167 0.9992551 0.9997261 0.9986279 0.9995733 0.9985881 0.9993778 0.9973407 0.9976337 0.9996399 0.9996026 0.9992275 0.9997583 0.9997943 0.9990114 0.9997632 0.999763 0.9991316 0.9988684 0.9988672 0.9993909 0.9988778 0.9992959 0.9997982 0.9989517 0.9979807 0.9994963 0.9996455 0.9999179 0.9997165 0.9988473 0.9998311 0.9989832 0.9980782 0.9996449
0.9995756 0.9997777 0.9979733 0.9996364 0.9991906 0.9994914 0.999774 0.9989875 0.9984604 0.9997307 0.9994055 0.9998672 0.9986189 0.999236 0.9997302 0.999728 0.9991379 0.9993715 0.9989174 0.9982009 0.9985472 0.9999045 0.9998652 0.9994414 0.9985352 0.9972661 0.9982953 0.9979669 0.9994347 0.9994984 0.9997202 0.9998551 0.9995416 0.9997599 0.9974064 0.9995804 0.9992213 0.9953487 0.9984533 0.9981015 0.9999076 0.9992339 0.9993867 0.9995183 0.9996423 0.9989115 0.9997737 0.9997454 0.9997452 0.9997755
0.9989245 0.9984019 0.9990127 0.9973053 0.9996904 0.9990772 0.9984926 0.9992245 0.9987867 0.999877 0.9985544 0.9993886 0.9990793 0.9979741 0.9975918 0.9989089 0.9985632 0.9990338 0.9993181 0.9996138 0.9989943 0.9995538 0.9983782 0.9997082 0.9998717 0.9972609 0.9978154 0.9998209 0.9996497 0.9982317 0.9997997 0.9994808 0.9999493 0.9998545 0.9979435 0.9984866 0.9995233 0.9982891 0.9996984 0.9947833 0.9992112 0.9971807 0.9996876 0.9990768 0.9996965 0.9989288 0.999116 0.9998629 0.9994391 0.9997054
0.997972 0.9989036 0.9999333 0.9987067 0.9977896 0.9992549 0.9995507 0.9988844 0.9970293 0.9990594 0.9960676 0.9993262 0.999811 0.998928 0.9995113 0.9989347 0.9992999 0.9996152 0.9995753 0.9997564 0.9997987 0.9986658 0.9990347 0.9989166 0.9993662 0.9980332 0.9979502 0.9989919 0.9997717 0.9995064 0.99977 0.9948838 0.9983214 0.999486 0.99965 0.9984051 0.9994243 0.999036 0.9974791 0.996464 0.9998557 0.9960123 0.999106 0.997822 0.9988798 0.9986525 0.9985397 0.9987291 0.9999355 0.9969626
0.9995747 0.9998428 0.9999017 0.9997637 0.9993769 0.9963701 0.9987061 0.9956507 0.9992978 0.9994669 0.9994393 0.9988177 0.9965417 0.9989915 0.9998988 0.9994582 0.9985309 0.9995996 0.9997052 0.9974578 0.999011 0.9980976 0.9991189 0.9999468 0.9992313 0.9997505 0.9998876 0.9984375 0.9984493 0.9994734 0.9987364 0.9986814 0.9984579 0.99989 0.999429 0.9996045 0.9973055 0.9993714 0.9996857 0.9996119 0.9995741 0.9999566 0.9993585 0.9999192 0.9994182 0.9995645 0.9998373 0.9996411 0.9970359 0.9996907
0.9992868 0.9985299 0.9996275 0.9977325 0.9999124 0.9978857 0.9996489 0.9993416 0.995733 0.9981364 0.9993859 0.9997127 0.9998802 0.9965944 0.9979298 0.9988239 0.9992169 0.9938392 0.9983551 0.9993037 0.9980047 0.9973255 0.9982058 0.9991855 0.99931 0.9967104 0.9992582 0.9994102 0.9997462 0.9976063 0.9970913 0.999761 0.9990775 0.9995583 0.9994497 0.9992498 0.9926234 0.9997152 0.9983563 0.9998583 0.9990642 0.9997707 0.9961962 0.9968492 0.9991849 0.999556 0.9983816 0.9998038 0.9993289 0.9993453
